#M in solar masses       dN/dM in solar masses pc3
3.351032163829113092e-02 1.227590243074214172e+10
6.544984694978735196e-02 3.762100205641248703e+09
1.130973355292325261e-01 1.431428813601985216e+09
1.795943800302164384e-01 6.323416235402084589e+08
2.680825731063289363e-01 3.115978489626765251e+08
3.817035074111597148e-01 1.669114315603202879e+08
5.235987755982985936e-01 9.549296585513727367e+07
6.969099703213355035e-01 5.762224181813362241e+07
9.047786842338597646e-01 3.633379637692428380e+07
1.150346509989462085e+00 2.377232257930664718e+07
1.436755040241731507e+00 1.605065621988521703e+07
1.767145867644256851e+00 1.113493558559428714e+07
2.144660584850630602e+00 7.909253109980705194e+06
2.572440784514440804e+00 5.735774894408740103e+06
3.053628059289277719e+00 4.236694070753749460e+06
3.591364001828728725e+00 3.181099819202455692e+06
4.188790204786387861e+00 2.423887198468733579e+06
4.849048260815843392e+00 1.871583121484180447e+06
5.575279762570684028e+00 1.462618875006172573e+06
6.370626302704496702e+00 1.155616811376000522e+06
7.238229473870878117e+00 9.222566617461330025e+05
8.181230868723414318e+00 7.428298309845008189e+05
9.202772079915691350e+00 6.034101869373527588e+05
1.030599470010130858e+01 4.940187494571812567e+05
1.149404032193384673e+01 4.074119993028716999e+05
1.277005053806690249e+01 3.382688392495096195e+05
1.413716694115406192e+01 2.826368160209773923e+05
1.559853112384890750e+01 2.375496553753419721e+05
1.715728467880504482e+01 2.007596809990574257e+05
1.881656919867605282e+01 1.705483415833392937e+05
2.057952627611551932e+01 1.455905282169823768e+05
2.244929750377704281e+01 1.248563822501303948e+05
2.442902447431421464e+01 1.075395284874371573e+05
2.652184878038061555e+01 9.300413212734097033e+04
2.873091201462983690e+01 8.074549847486191720e+04
3.105935576971546297e+01 7.036050774076320522e+04
3.351032163829110289e+01 6.152525579541973275e+04
3.608695121301034447e+01 5.397801894523564988e+04
3.879238608652674714e+01 4.750618360641904292e+04
4.162976785149390935e+01 4.193615100763317605e+04
4.460223810056547222e+01 3.712549019311328448e+04
4.771293842639494898e+01 3.295680171129313385e+04
5.096501042163600204e+01 2.933289138467835801e+04
5.436159567894215172e+01 2.617295358337153448e+04
5.790583579096702493e+01 2.340953698621246076e+04
6.160087235036423436e+01 2.098612029073981466e+04
6.544984694978735718e+01 1.222309962945756070e+03
8.711374629016697213e+01 6.272382804798891129e+02
1.130973355292325380e+02 3.411242778890075442e+02
1.437933137486828059e+02 1.947950360238404244e+02
1.795943800302164846e+02 1.159538310144548774e+02
2.208932334555323109e+02 7.153894616234879322e+01
2.680825731063289936e+02 4.553459446675168465e+01
3.215550980643052412e+02 2.978783242655162411e+01
3.817035074111598192e+02 1.996520693634795052e+01
4.489205002285914361e+02 1.367433278865253676e+01
5.235987755982988574e+02 9.549296585513719293e+00
6.061310326019806780e+02 6.786506799199918838e+00
6.969099703213357770e+02 4.900299066249133695e+00
7.963282878380626926e+02 3.589934291705722202e+00
9.047786842338603037e+02 2.665033421007871439e+00
1.022653858590427376e+03 2.002632643290327419e+00
1.150346509989462447e+03 1.521836218936253315e+00
1.288249337512664397e+03 1.168516912598325241e+00
1.436755040241731876e+03 9.058893048004287296e-01
1.596256317258363651e+03 7.085905667091796367e-01
1.767145867644258487e+03 5.588980168933499471e-01
1.949816390481114922e+03 4.442725645823151770e-01
2.144660584850631949e+03 3.557390192714975363e-01
2.352071149834508105e+03 2.868030546318652285e-01
2.572440784514441930e+03 2.327174408324345634e-01
2.806162187972132870e+03 1.899787567340828487e-01
3.053628059289278553e+03 1.559781791902183634e-01
3.315231097547578884e+03 1.287565357243799224e-01
3.591364001828731489e+03 1.068307249113479435e-01
3.882419471214435816e+03 8.906951807217211581e-02
4.188790204786390859e+03 7.460387957432593198e-02
4.510868901626294246e+03 6.276165028823038616e-02
4.849048260815845424e+03 5.301958436874936592e-02
5.203720981436743386e+03 4.496785403942043374e-02
5.575279762570686216e+03 3.828358645507135699e-02
5.964117303299371997e+03 3.271099504451248363e-02
6.370626302704501541e+03 2.804636165395095471e-02
6.795199459867772021e+03 2.412661233914263972e-02
7.238229473870882430e+03 2.082057360162399562e-02
7.700109043795531761e+03 1.802224093927120435e-02
8.181230868723419007e+03 1.564556752570568296e-02
8.681987647736241342e+03 1.362040805969438710e-02
9.202772079915699578e+03 1.188934546043947903e-02
9.743976864343490888e+03 1.040519597962918062e-02
1.030599470010131517e+04 9.129038379674415948e-03
1.088921828627087052e+04 8.028649990142581322e-03
1.149404032193385501e+04 7.077260193753349450e-03
1.212085350617196855e+04 6.252552715433260140e-03
1.277005053806690921e+04 5.535863802415465912e-03
1.344202411670037691e+04 4.911535304971218277e-03
1.413716694115406790e+04 4.366390756979296461e-03
1.485587171050968209e+04 3.889309519493846026e-03
1.559853112384891938e+04 3.470879410799337320e-03
1.636553788025347785e+04 3.103112391037914607e-03
1.715728467880505559e+04 2.779211088058574503e-03
1.797416421858535250e+04 2.493376461105157368e-03
1.881656919867606484e+04 2.240648864311447098e-03
1.968489231815889434e+04 2.016776316946389778e-03
2.057952627611553544e+04 1.818105006503395026e-03
2.150086377162769350e+04 1.641488016326347367e-03
2.244929750377706296e+04 1.484209036985022255e-03
2.342522017164534191e+04 1.343918432807151382e-03
2.442902447431422843e+04 1.218579524923580964e-03
2.546110311086542788e+04 1.106423345580246319e-03
2.652184878038063107e+04 1.005910435346718144e-03
2.761165418194153972e+04 9.156985108780645163e-04
2.873091201462985191e+04 8.346150383699058083e-04
2.988001497752726937e+04 7.616339164802435335e-04
3.105935576971548653e+04 6.958556099388446547e-04
3.226932709027620513e+04 6.364901874023264853e-04

#/Asteroids (Observed, universe)/#885053/-/
