# M (M_s) 	 dN/dMdV (M_s^-1 pc^-3)
1.334e+06 	 1.359e-26 	
2.371e+06 	 6.140e-27 	
4.217e+06 	 7.897e-28 	
7.499e+06 	 2.933e-28 	
1.334e+07 	 1.234e-28 	
2.371e+07 	 4.781e-29 	
4.217e+07 	 1.942e-29 	
7.499e+07 	 8.107e-30 	
1.334e+08 	 3.199e-30 	
2.371e+08 	 1.422e-30 	
4.217e+08 	 5.713e-31 	
7.499e+08 	 2.079e-31 	
1.334e+09 	 8.714e-32 	
2.371e+09 	 2.988e-32 	
4.217e+09 	 9.409e-33 	
7.499e+09 	 1.890e-33 	
1.334e+10 	 5.313e-34 	
2.371e+10 	 5.976e-35 	
4.217e+10 	 0.000e+00 	
7.499e+10 	 0.000e+00 	
1.334e+11 	 0.000e+00 	
2.371e+11 	 0.000e+00 	
4.217e+11 	 0.000e+00 	
7.499e+11 	 0.000e+00 	
1.334e+12 	 0.000e+00 	
2.371e+12 	 0.000e+00 	
4.217e+12 	 0.000e+00 	
7.499e+12 	 0.000e+00 	
1.334e+13 	 0.000e+00 	
2.371e+13 	 0.000e+00 	
4.217e+13 	 0.000e+00 	
7.499e+13 	 0.000e+00 	
1.334e+14 	 0.000e+00 	
2.371e+14 	 0.000e+00 	
4.217e+14 	 0.000e+00 	
7.499e+14 	 0.000e+00 	
1.334e+15 	 0.000e+00 	
2.371e+15 	 0.000e+00 	
4.217e+15 	 0.000e+00 	
7.499e+15 	 0.000e+00 	
1.334e+16 	 0.000e+00 	
2.371e+16 	 0.000e+00 	
4.217e+16 	 0.000e+00 	
7.499e+16 	 0.000e+00 	
1.334e+17 	 0.000e+00 	
2.371e+17 	 0.000e+00 	
4.217e+17 	 0.000e+00 	
7.499e+17 	 0.000e+00 	
# /Illustris (BH total)/#55286F/--/
