# M (M_s) 	 dN/dMdV (M_s^-1 pc^-3)
1.334e+06 	 1.513e-26 	
2.371e+06 	 1.208e-26 	
4.217e+06 	 7.683e-27 	
7.499e+06 	 4.204e-27 	
1.334e+07 	 2.132e-27 	
2.371e+07 	 1.022e-27 	
4.217e+07 	 5.124e-28 	
7.499e+07 	 2.816e-28 	
1.334e+08 	 1.746e-28 	
2.371e+08 	 1.156e-28 	
4.217e+08 	 7.364e-29 	
7.499e+08 	 4.632e-29 	
1.334e+09 	 2.714e-29 	
2.371e+09 	 1.487e-29 	
4.217e+09 	 7.379e-30 	
7.499e+09 	 3.336e-30 	
1.334e+10 	 1.633e-30 	
2.371e+10 	 4.673e-31 	
4.217e+10 	 1.205e-31 	
7.499e+10 	 1.945e-32 	
1.334e+11 	 1.583e-33 	
2.371e+11 	 8.964e-35 	
4.217e+11 	 2.352e-35 	
7.499e+11 	 5.669e-36 	
1.334e+12 	 2.125e-36 	
2.371e+12 	 5.976e-37 	
4.217e+12 	 0.000e+00 	
7.499e+12 	 1.323e-36 	
1.334e+13 	 3.188e-37 	
2.371e+13 	 5.976e-38 	
4.217e+13 	 0.000e+00 	
7.499e+13 	 0.000e+00 	
1.334e+14 	 0.000e+00 	
2.371e+14 	 0.000e+00 	
4.217e+14 	 0.000e+00 	
7.499e+14 	 0.000e+00 	
1.334e+15 	 0.000e+00 	
2.371e+15 	 0.000e+00 	
4.217e+15 	 0.000e+00 	
7.499e+15 	 0.000e+00 	
1.334e+16 	 0.000e+00 	
2.371e+16 	 0.000e+00 	
4.217e+16 	 0.000e+00 	
# /Illustris (gas)/#D62839/-/
