# M (M_s) 	 dN/dMdV (M_s^-1 pc^-3)
2.371e+08 	 8.594e-27 	
4.217e+08 	 3.235e-27 	
7.499e+08 	 1.135e-27 	
1.334e+09 	 3.820e-28 	
2.371e+09 	 1.282e-28 	
4.217e+09 	 4.309e-29 	
7.499e+09 	 1.443e-29 	
1.334e+10 	 5.011e-30 	
2.371e+10 	 1.748e-30 	
4.217e+10 	 6.095e-31 	
7.499e+10 	 2.129e-31 	
1.334e+11 	 7.044e-32 	
2.371e+11 	 2.270e-32 	
4.217e+11 	 7.504e-33 	
7.499e+11 	 2.481e-33 	
1.334e+12 	 7.641e-34 	
2.371e+12 	 2.432e-34 	
4.217e+12 	 8.737e-35 	
7.499e+12 	 2.305e-35 	
1.334e+13 	 8.926e-36 	
2.371e+13 	 2.092e-36 	
4.217e+13 	 8.401e-37 	
7.499e+13 	 1.512e-37 	
1.334e+14 	 7.439e-38 	
2.371e+14 	 1.793e-38 	
4.217e+14 	 0.000e+00 	
7.499e+14 	 0.000e+00 	
1.334e+15 	 0.000e+00 	
2.371e+15 	 0.000e+00 	
4.217e+15 	 0.000e+00 	
7.499e+15 	 0.000e+00 	
1.334e+16 	 0.000e+00 	
2.371e+16 	 0.000e+00 	
4.217e+16 	 0.000e+00 	
7.499e+16 	 0.000e+00 	
1.334e+17 	 0.000e+00 	
2.371e+17 	 0.000e+00 	
4.217e+17 	 0.000e+00 	
7.499e+17 	 0.000e+00 	
# /Illustris (DM)/#011638/-/
