#M in solar masses       dN/dM same units as always
3.057816849494065552e-21 1.596749794288436959e+25
2.446253479595252442e-20 2.494921553575682077e+23
8.256105493633979436e-20 2.190328935923779738e+22
1.957002783676201953e-19 3.898314927462004294e+21
3.822271061867580883e-19 1.021919868344600101e+21
6.604884394907178734e-19 3.422388962380911084e+20
1.048831179376464516e-18 1.357214931098808156e+20
1.565602226940961563e-18 6.091117074159380070e+19
2.229148483281173328e-18 3.004566441596409446e+19
2.097356577067979113e-14 3.394026767802344971e+11
2.446253479595251746e-14 2.494921553575683899e+11
2.831844184316453364e-14 1.861748876678750000e+11
3.255963381341279865e-14 1.408318174522742310e+11
3.720445760779428725e-14 1.078623437245300446e+11
4.227126012740595208e-14 8.355441802687768555e+10
4.777838827334475844e-14 6.540287157405441284e+10
5.374418894670768422e-14 5.168883942943845367e+10
6.018700904859166946e-14 4.121490317690548706e+10
6.712519548009370469e-14 3.313513015377951813e+10
7.457709514231074257e-14 2.684410207057832336e+10
8.256105493633974207e-14 2.190328935923782730e+10
9.109542176327768741e-14 1.799147235636578369e+10
1.001985425242215123e-13 1.487089129433443642e+10
1.098887641202682010e-13 1.236383582571405602e+10
1.201844334525147250e-13 1.033625860821230125e+10
1.311038974220580182e-13 8.686175559032375336e+09
1.426655029299950899e-13 7.335367289053732872e+09
1.548875968774228612e-13 6.223382932363299370e+09
1.677885261654383291e-13 5.303166824691164017e+09
1.813866376951384145e-13 4.537840498606393814e+09
1.957002783676201396e-13 3.898314927462006569e+09
2.107477950839804256e-13 3.361504744477538586e+09
2.265475347453162691e-13 2.908982619810546398e+09
2.431178442527246166e-13 2.525958059853931904e+09
2.604770705073023892e-13 2.200497147691785336e+09
2.786435604101466595e-13 1.922922522621702194e+09
2.976356608623542980e-13 1.685349120695781946e+09
3.174717187650222764e-13 1.481322847306520700e+09
3.381700810192476167e-13 1.305537781669963837e+09
3.597490945261272400e-13 1.153613656808649778e+09
3.822271061867580675e-13 1.021919868344600201e+09
4.056224629022371717e-13 9.074355979774858952e+08
4.299535115736614737e-13 8.076381160849757195e+08
4.552385991021278442e-13 7.204131826742523909e+08
4.814960723887333557e-13 6.439828621391482353e+08
5.087442783345750302e-13 5.768471242845152617e+08
5.370015638407496375e-13 5.177364086528049111e+08
5.662862758083543511e-13 4.655729448288538456e+08
5.966167611384859406e-13 4.194390948527862430e+08
6.280113667322414786e-13 3.785513497478318214e+08
6.604884394907179366e-13 3.422388962380911112e+08
6.940663263150122863e-13 3.099258912794601917e+08
7.287633741062214993e-13 2.811167555682153702e+08
7.645979297654424461e-13 2.553839337007887661e+08
8.015883401937720985e-13 2.323576764739755690e+08
8.397529522923075288e-13 2.117174863029798567e+08
8.791101129621456078e-13 1.931849347767821848e+08
9.196781691043834081e-13 1.765176157257919908e+08
9.614754676201178002e-13 1.615040407533172071e+08
1.004520355410445655e-12 1.479593192380384803e+08
1.048831179376464145e-12 1.357214931098808944e+08
1.094426286419270243e-12 1.246484196142110378e+08
1.141324023439960719e-12 1.146151138914646059e+08
1.189542737339632543e-12 1.055114783643956184e+08
1.239100775019382890e-12 9.724035831817655265e+07
1.290016483380308528e-12 8.971587321543812752e+07
1.342308209323506632e-12 8.286198163579943776e+07
1.395994299750073770e-12 7.661124460850113630e+07
1.451093101561107316e-12 7.090375779072490335e+07
1.507622961657704243e-12 6.568622765276739746e+07
1.565602226940961117e-12 6.091117074159384519e+07
1.625049244311975315e-12 5.653621834966457635e+07
1.685982360671843405e-12 5.252351163246154040e+07
1.748419922921662761e-12 4.883917449027539045e+07
1.812380277962530153e-12 4.545285343453979492e+07
1.877881772695542553e-12 4.233731525923758745e+07
1.944942754021796933e-12 3.946809468521769345e+07
2.013581568842390062e-12 3.682318528200044483e+07
2.083816564058419114e-12 3.438276793268413842e+07
2.155666086570981262e-12 3.212897192167622596e+07
2.229148483281173276e-12 3.004566441596409678e+07
2.304282101090091925e-12 2.811826469824699685e+07
2.381085286898834384e-12 2.633358001087159291e+07
2.459576387608497421e-12 2.467966029679805785e+07
2.539773750120178211e-12 2.314566948916438967e+07
2.621695721334973926e-12 2.172177131393500417e+07
2.705360648153980933e-12 2.039902783859318495e+07
2.790786877478296405e-12 1.916930923056099191e+07
2.877992756209017920e-12 1.802521338763516024e+07
2.966996631247241439e-12 1.695999427395618334e+07
#/KBOs (Observed, universe)/#777da7/--/
